     P          R         mAP        F1        loss        _xy        _wh       _cls       _conf     _iou_t      _lr0       _lrf       _mom      _decay   
      0.474      0.543      0.503      0.436         22        0.5     0.0625     0.0625          4        0.1      0.001         -5        0.9     0.0005
      0.507      0.565      0.526        0.5       16.1     0.5272    0.08369    0.07041      2.824     0.1215   0.001636     -5.474     0.9303  0.0006447
      0.535      0.561       0.55      0.521       9.35     0.4884    0.07369     0.1087      1.221     0.1762   0.001792     -4.395      0.927  0.0006148
      0.459      0.514      0.487      0.467       11.5     0.4327    0.08434      0.127      1.616     0.2447   0.002086     -3.584       0.95  0.0006917
      0.506      0.549      0.531        0.5       8.51     0.5891     0.0887     0.1202     0.9369     0.2165   0.001531     -4.963       0.91  0.0006288
      0.413      0.517      0.496      0.413       9.24     0.6959    0.09981     0.1265      1.126     0.1914   0.001931     -2.711     0.9424  0.0005716
      0.513      0.556      0.543      0.506       8.54     0.4044       0.09     0.1159     0.9855     0.1973   0.001672     -3.563     0.9095  0.0004596
      0.447       0.57      0.533      0.441       8.53      0.423    0.06074     0.1055      1.094    0.08293   0.001381     -2.795     0.9411  0.0008153
      0.413      0.547      0.526      0.438       10.9     0.5188    0.06109     0.1118      1.578     0.1532   0.001917     -5.385       0.95  0.0005195
      0.464      0.499      0.467      0.447       9.86     0.7279    0.07893      0.122      1.189     0.1567   0.001531     -5.391     0.8991  0.0002647
      0.501      0.562      0.547      0.506       10.6     0.3148    0.07017     0.1363      1.366     0.1793   0.001738     -5.445     0.9358  0.0005989
      0.465        0.5      0.481      0.454       9.66     0.4641    0.09811     0.1012      1.338     0.1671   0.001707     -4.785     0.9417  0.0006962
      0.437      0.536      0.503      0.451         10     0.6438    0.06331     0.1392      1.203     0.1523   0.001775      -4.16     0.9324  0.0008095
      0.492      0.534      0.515      0.484       8.37     0.3008     0.0794    0.09455      1.093     0.2005   0.001622     -3.794     0.9295  0.0003879
      0.448      0.525      0.513       0.46       9.97     0.3999    0.06104     0.1439      1.187     0.1912   0.002202     -4.064     0.9165  0.0002211
      0.461      0.549      0.522      0.459       8.13     0.5628    0.06983     0.1163     0.9346     0.1154   0.001825     -3.906     0.9212  0.0008254
       0.45      0.536      0.481      0.452       10.6     0.6315    0.05342     0.1108      1.488     0.1185   0.002143     -5.117     0.9125  0.0004051
      0.498      0.553      0.532      0.491       7.31     0.6145    0.08637    0.08526     0.9165     0.1379   0.002207     -3.408     0.9186  0.0007586
      0.412      0.548      0.503      0.421       7.59     0.6277    0.07228     0.0901     0.8424     0.1377   0.001067     -6.174     0.8996  0.0006605
      0.455      0.535      0.518      0.465       11.4     0.5405      0.102     0.1176      1.618     0.1904   0.002197     -4.393     0.9288  0.0003363
      0.502      0.538      0.525      0.495       8.57     0.4642     0.0726     0.1107      1.029     0.2065   0.001986      -4.37     0.8925  0.0008475
      0.451      0.498      0.483      0.433       10.6      0.444    0.07192     0.1274      1.417     0.1606    0.00171     -4.412       0.95  0.0002595
      0.477      0.563      0.529      0.452       10.4     0.4715     0.1032     0.1274      1.362    0.09357   0.001462     -3.949       0.95  0.0002502
       0.47      0.488      0.473       0.44       9.56     0.4423    0.08998     0.1147      1.258     0.1565    0.00191      -4.45     0.9356  0.0007167
      0.479      0.561      0.536       0.48       10.9     0.5293    0.08181     0.1409      1.363     0.1153   0.001771     -4.076     0.9114  0.0004641
       0.39      0.488      0.475      0.417       9.91     0.3932    0.06978     0.1376      1.221     0.2312   0.001866     -4.426     0.9434  0.0003943
      0.504      0.557       0.53      0.493       9.04     0.5714     0.0697    0.07736      1.344     0.1197   0.001858     -4.174     0.9448  0.0005699
       0.46      0.554      0.526      0.473       9.38      0.432    0.06311     0.1537       1.02      0.144   0.001778     -5.352     0.9274  0.0006999
      0.475      0.549      0.525      0.468       6.72     0.5605    0.05907    0.08991     0.7637     0.1189   0.001614     -4.606     0.9177  0.0005037
      0.425      0.476       0.46      0.419       8.95     0.5641    0.08006     0.0651      1.259      0.189   0.001484     -3.754     0.8496  0.0006185
      0.472       0.49      0.448      0.463       10.3     0.6646    0.05368     0.1232      1.328     0.2924   0.001575     -3.276      0.929  0.0006967
      0.316       0.55      0.509      0.365       7.85     0.5016    0.09621     0.1309     0.8293     0.1398   0.002074     -4.903     0.9241  0.0007046
      0.503      0.554      0.527      0.495       10.1     0.4569     0.0796     0.1039      1.405     0.1473   0.001439     -2.389       0.95  0.0005782
      0.515      0.539      0.521      0.497       10.6      0.437    0.07924     0.1193      1.429     0.1584   0.001628     -4.461     0.9236  0.0004079
      0.402      0.459      0.444      0.403       8.38     0.4724    0.05352     0.1004      1.085      0.192   0.001709     -4.383       0.95  0.0009159
      0.423      0.458      0.444      0.415       9.18     0.4026    0.07787    0.04004       1.52     0.2076   0.001536     -4.142     0.8849  0.0003231
      0.538      0.496       0.48      0.477       6.87     0.4523    0.08669    0.05227     0.9996     0.2054   0.001826     -4.768     0.9259  0.0007011
      0.502      0.504      0.492      0.466       10.7     0.4145    0.08064    0.09871      1.532     0.1814   0.001509     -4.836     0.9026  0.0006622
      0.426      0.572      0.522       0.43       8.37      0.484    0.09063      0.138     0.8471    0.06527   0.001183     -4.394     0.9193  0.0007885
      0.478       0.53      0.515      0.471       11.2     0.5713    0.06868     0.1121       1.51     0.2022   0.001517     -6.316     0.8832   0.000892
      0.453      0.537      0.517      0.456       9.43     0.7102    0.07105     0.1437     0.9894     0.1539   0.001536      -5.21     0.8889  0.0006644
      0.455      0.495      0.482      0.446       10.7     0.5544    0.06505     0.1024      1.553     0.1708   0.001544     -4.531     0.9485  0.0006129
       0.47      0.487       0.46      0.425       8.54     0.4663    0.08841    0.08553      1.208     0.1271   0.002451     -5.153      0.932  0.0009663
      0.495      0.573      0.536      0.489       6.71     0.3656     0.1163    0.08596     0.8189     0.1085   0.001718     -4.697     0.9427  0.0005465
      0.422      0.506      0.468      0.429       9.25     0.5706    0.06949     0.1443      1.034     0.1561   0.001462     -3.573       0.95   0.000817
      0.483      0.513      0.476      0.473       7.68     0.5005    0.07879    0.08275      1.047     0.2384   0.001937     -3.202     0.9467  0.0001961
      0.409      0.506      0.481      0.385       7.51     0.4591    0.09867     0.0966     0.9657     0.1227   0.001844     -4.849       0.95  0.0007641
      0.502      0.489      0.476      0.462       9.36     0.5051    0.09891    0.06783      1.445     0.1583   0.002276      -4.27     0.9207  0.0003988
      0.455      0.575      0.533      0.434       8.63      0.517    0.09514     0.1013      1.139    0.06119   0.001894     -1.997       0.95  0.0009645
      0.409      0.519      0.491      0.393       9.83     0.4605    0.09612     0.1302      1.294     0.1545   0.002179     -2.703     0.9489  0.0005525
      0.543      0.513      0.505      0.493       7.79     0.5549    0.06068    0.06196      1.169     0.2458   0.001757     -4.125       0.95  0.0006939
