      P,         R,         mAP,       F1,    test_loss     hyperparams
      0.218      0.564       0.54      0.237       13.1     0.3532     0.0807    0.05416      2.276     0.1923     0.0014     -7.703     0.9045  0.0007909
      0.113      0.549      0.519      0.156       7.85     0.4167    0.07875    0.04311      1.235     0.1383   0.001698     -5.329     0.8837  0.0006369
      0.137      0.516      0.484      0.156       14.1     0.3067    0.09175    0.06563      2.462     0.1311    0.00144     -7.514     0.9373  0.0009081
      0.217      0.523      0.506      0.202       13.4     0.2711     0.0702      0.041      2.441      0.155    0.00168     -8.183     0.8963  0.0008459
      0.166      0.546      0.515      0.207       11.1     0.4968      0.106    0.06064       1.86     0.1342   0.001748     -7.219     0.9132  0.0004435
      0.212      0.557      0.536      0.228          7     0.3564    0.09159    0.04328       1.06      0.213   0.001577     -9.157     0.8814  0.0009489
      0.175      0.538      0.487       0.16       16.2     0.3661    0.06922    0.05586      2.886    0.05114   0.001368     -6.114     0.8989   0.000492
      0.181      0.525      0.506      0.204       12.7      0.477    0.08069    0.04839      2.233     0.2184   0.001784     -6.459     0.9382   0.000564
      0.224      0.515      0.495      0.205       17.1     0.2083    0.09616    0.03949      3.217     0.1748    0.00129     -10.33     0.8965    0.00111
      0.204      0.513      0.486      0.195         11     0.3763    0.06534    0.05213      1.877     0.1773   0.001531      -7.29     0.9361  0.0005724
      0.196      0.533      0.492      0.213       13.6     0.2751    0.05116    0.05466      2.404     0.2249   0.001621     -9.302     0.8679  0.0003287
     0.0959      0.535      0.506      0.135       12.4     0.4662    0.08284    0.04622      2.156     0.1219   0.001527      -8.82     0.8862  0.0009687
      0.225      0.544      0.506      0.244       13.2     0.3627    0.09918    0.05254      2.309     0.2232   0.001428     -6.792     0.9004  0.0009194
       0.22      0.507       0.49      0.195       16.2      0.384    0.08556    0.04791      2.902     0.1771  0.0008089     -9.872     0.9014  0.0009459
      0.145      0.534      0.489      0.165        9.3     0.3939    0.09779    0.05001      1.584     0.2215   0.001958      -10.2       0.95  0.0006152
      0.203      0.489      0.454      0.207       16.4     0.2409    0.09741    0.05041      3.026     0.2379   0.001168      -8.35      0.906  0.0002257
      0.211      0.548      0.518      0.214       13.8     0.4621    0.07875    0.06156      2.287     0.1246   0.001021      -7.41     0.8419  0.0007684
      0.149      0.516      0.461      0.188       9.24     0.4306     0.1142    0.03961      1.559     0.2796   0.001748     -11.94     0.8933  0.0007352
      0.215      0.569      0.548       0.24       13.1     0.3808    0.09823    0.04775      2.348     0.1423   0.001837     -6.707     0.9156   0.001185
      0.165      0.499      0.472      0.149       6.47     0.3677     0.1064    0.05304      0.992     0.1636   0.001877     -7.119     0.9411   0.001607
       0.18      0.587      0.542      0.209       10.5     0.3598    0.09912    0.03572      1.852     0.1105   0.001966     -6.958     0.8977  0.0009539
     0.0854      0.549      0.518      0.133       12.6     0.4911    0.07188     0.0531      2.179     0.1548   0.001649     -6.852     0.8914    0.00159
      0.179      0.593      0.546      0.177       15.4     0.3427    0.08011    0.07043      2.708    0.08714    0.00189     -8.368     0.9244   0.001383
       0.12      0.604      0.545      0.153       14.3     0.3086    0.09748    0.06547      2.484    0.05332   0.001992     -7.514     0.8736   0.001946
      0.155      0.519      0.494      0.171       15.6     0.7293    0.08991    0.04335      2.763     0.1466   0.001041     -8.147     0.8944   0.001318
       0.16      0.523      0.502      0.175       16.7     0.4891     0.0452    0.05057      3.001     0.1334   0.001414     -4.591      0.883   0.001202
      0.178      0.508      0.481      0.188       15.6     0.3585    0.06959    0.05487      2.801     0.1698   0.001868     -9.093     0.8815  0.0007497
      0.251      0.512      0.493      0.256       14.2     0.4456     0.1094    0.03262      2.641     0.2594   0.002151     -4.377       0.88   0.001212
      0.153      0.564      0.529      0.171       7.58     0.5479     0.1228    0.05024      1.216     0.1496   0.001757     -4.412     0.9394   0.001325
      0.147      0.574      0.528      0.159       11.7     0.2449    0.08011    0.06499      1.993     0.1088    0.00164     -9.445     0.9373   0.001155
      0.177      0.529      0.514      0.197       17.2     0.4079    0.09268     0.0658      3.035     0.1999   0.001125     -5.793     0.9423    0.00111
