      P,          R,          mAP,        F1,   test_loss, hyperparams
      0.214      0.525      0.491      0.178         22        0.5     0.0625     0.0625          4        0.1      0.001         -5        0.9     0.0005
      0.177      0.514      0.468       0.18       19.5     0.4399    0.06946    0.04929      3.582     0.1298   0.001097     -4.213     0.9089  0.0001375
      0.235      0.529      0.507      0.208       23.2     0.5157    0.08229    0.06048      4.243     0.1378   0.001017     -6.542     0.8735  0.0004406
      0.132      0.458      0.425      0.135       31.6     0.2991    0.04631    0.08255      5.933     0.1453   0.001237     -4.412     0.8527  0.0001905
      0.139      0.452      0.377      0.118       16.5     0.5726    0.09572    0.04009      2.902    0.03026   0.001017     -8.367     0.8872  0.0004645
      0.217      0.538      0.513       0.22       16.1     0.4426    0.08974    0.06665       2.75     0.2024   0.001118      -6.85      0.837  0.0008517
      0.166      0.471      0.418      0.168       17.8     0.3438    0.07929    0.05637      3.166     0.1505  0.0009966     -5.098      0.795  0.0006669
      0.228      0.546      0.525      0.231       15.8     0.4831    0.08536    0.04674      2.829     0.2086   0.001355       -7.6     0.8658  0.0006713
      0.183      0.481      0.444      0.182       17.4     0.5133    0.07419    0.05075      3.121     0.2337   0.001446     -8.563     0.8172  0.0008026
      0.133      0.454      0.427      0.137         12     0.4268     0.0811    0.05342      1.992     0.1725   0.001042     -8.823     0.8702  0.0005585
      0.178      0.528      0.479      0.194       14.4       0.57     0.1239    0.04587      2.498     0.2239   0.001242     -7.962     0.8591  0.0007913
      0.234      0.557      0.538      0.243       13.2     0.3532     0.0807    0.05416      2.276     0.1923     0.0014     -7.703     0.9045  0.0007909
      0.206      0.556      0.532       0.22       12.1     0.4208    0.06672    0.04693      2.091     0.1546   0.001114     -10.21     0.9367  0.0006253
       0.31      0.482      0.452      0.313       10.2     0.3645    0.06237    0.03711      1.771     0.3067   0.001774      -6.04     0.8389  0.0005603
      0.204      0.513      0.464       0.21       11.4      0.341    0.09256     0.0483      1.938      0.244  0.0008262     -5.055     0.9182  0.0006101
      0.205      0.515      0.465      0.213       12.8     0.5544      0.099    0.04556      2.164     0.2623  0.0006278     -9.784     0.8976  0.0004799
      0.222      0.508      0.487      0.199       9.66     0.3378    0.07293    0.04542      1.598     0.1797   0.001203     -6.796     0.9165   0.001096
      0.178      0.541      0.525      0.196       10.7     0.2641    0.04624    0.04555      1.854     0.1783   0.002009     -5.272     0.8985  0.0005071
      0.183      0.522      0.507      0.205       10.8     0.3641    0.05403    0.06179      1.768     0.2213   0.001146     -8.655       0.95  0.0008197
      0.219       0.56      0.539       0.24       11.2     0.2624     0.1012    0.06721       1.81     0.1967   0.001211     -10.41     0.9172  0.0005586
      0.234      0.547      0.527      0.234       9.22     0.2497    0.09316    0.04815       1.49     0.2114  0.0008139     -13.54     0.9045  0.0005348
      0.159      0.547       0.52      0.186       9.29     0.3022    0.07137    0.08184      1.305     0.1948   0.001255     -8.849     0.8947  0.0004976
